[(2022, 3, 1), 1, 82, 80]
[(2022, 3, 2), 1, 922, 676]
[(2022, 3, 3), 1, 687, 536]
[(2022, 3, 4), 3, 454, 440]
[(2022, 3, 5), 4, 325, 286]
[(2022, 3, 6), 4, 531, 345]
[(2022, 3, 7), 2, 521, 62]
[(2022, 3, 8), 1, 139, 137]
[(2022, 3, 9), 4, 338, 110]
[(2022, 3, 10), 1, 360, 79]
[(2022, 3, 11), 2, 286, 283]
[(2022, 3, 12), 1, 919, 79]
[(2022, 3, 13), 4, 591, 25]
[(2022, 3, 14), 3, 389, 371]
[(2022, 3, 15), 2, 962, 648]
[(2022, 3, 16), 2, 564, 73]
[(2022, 3, 17), 2, 765, 282]
[(2022, 3, 18), 1, 551, 209]
[(2022, 3, 19), 3, 429, 16]
[(2022, 3, 20), 1, 161, 123]
[(2022, 3, 21), 3, 48, 8]
[(2022, 3, 22), 4, 461, 45]
[(2022, 3, 23), 2, 404, 332]
[(2022, 3, 24), 2, 838, 438]
[(2022, 3, 25), 1, 250, 15]
[(2022, 3, 26), 3, 348, 137]
[(2022, 3, 27), 2, 59, 58]
[(2022, 3, 28), 1, 94, 26]
[(2022, 3, 29), 1, 484, 47]
[(2022, 3, 30), 2, 585, 201]
[(2022, 3, 31), 2, 610, 181]
