[(2022, 3, 1), 2, 233, 55]
[(2022, 3, 2), 1, 823, 38]
[(2022, 3, 3), 2, 187, 170]
[(2022, 3, 4), 2, 548, 114]
[(2022, 3, 5), 1, 742, 473]
[(2022, 3, 6), 2, 180, 113]
[(2022, 3, 7), 4, 410, 277]
[(2022, 3, 8), 1, 169, 47]
[(2022, 3, 9), 1, 628, 497]
[(2022, 3, 10), 2, 896, 159]
[(2022, 3, 11), 4, 105, 37]
[(2022, 3, 12), 3, 24, 2]
[(2022, 3, 13), 1, 795, 489]
[(2022, 3, 14), 3, 908, 552]
[(2022, 3, 15), 2, 710, 605]
[(2022, 3, 16), 4, 582, 253]
[(2022, 3, 17), 1, 32, 20]
[(2022, 3, 18), 1, 150, 97]
[(2022, 3, 19), 2, 459, 177]
[(2022, 3, 20), 3, 325, 84]
[(2022, 3, 21), 1, 923, 319]
[(2022, 3, 22), 3, 24, 5]
[(2022, 3, 23), 4, 594, 41]
[(2022, 3, 24), 3, 492, 165]
[(2022, 3, 25), 3, 680, 444]
[(2022, 3, 26), 1, 416, 141]
[(2022, 3, 27), 1, 796, 334]
[(2022, 3, 28), 1, 723, 18]
[(2022, 3, 29), 3, 875, 335]
[(2022, 3, 30), 3, 602, 264]
[(2022, 3, 31), 3, 793, 781]
