
[(2022, 3, 1), 3, 18, 18]
[(2022, 3, 2), 2, 664, 645]
[(2022, 3, 3), 3, 657, 450]
[(2022, 3, 4), 4, 197, 114]
[(2022, 3, 5), 3, 618, 187]
[(2022, 3, 6), 3, 488, 308]
[(2022, 3, 7), 2, 186, 103]
[(2022, 3, 8), 3, 568, 322]
[(2022, 3, 9), 4, 851, 478]
[(2022, 3, 10), 3, 174, 83]
[(2022, 3, 11), 3, 768, 348]
[(2022, 3, 12), 4, 994, 990]
[(2022, 3, 13), 2, 992, 618]
[(2022, 3, 14), 2, 746, 363]
[(2022, 3, 15), 3, 306, 177]
[(2022, 3, 16), 3, 874, 197]
[(2022, 3, 17), 4, 326, 130]
[(2022, 3, 18), 1, 992, 738]
[(2022, 3, 19), 1, 922, 872]
[(2022, 3, 20), 4, 20, 1]
[(2022, 3, 21), 4, 973, 261]
[(2022, 3, 22), 3, 317, 5]
[(2022, 3, 23), 3, 575, 85]
[(2022, 3, 24), 2, 843, 53]
[(2022, 3, 25), 4, 138, 80]
[(2022, 3, 26), 2, 270, 22]
[(2022, 3, 27), 3, 124, 68]
[(2022, 3, 28), 2, 200, 8]
[(2022, 3, 29), 3, 519, 408]
[(2022, 3, 30), 3, 342, 57]
[(2022, 3, 31), 2, 914, 428]