[(2022, 3, 1), 1, 389, 184]
[(2022, 3, 2), 4, 804, 767]
[(2022, 3, 3), 1, 167, 191]
[(2022, 3, 4), 2, 36, 606]
[(2022, 3, 5), 2, 775, 53]
[(2022, 3, 6), 4, 263, 500]
[(2022, 3, 7), 1, 925, 840]
[(2022, 3, 8), 2, 673, 463]
[(2022, 3, 9), 4, 773, 578]
[(2022, 3, 10), 4, 798, 295]
[(2022, 3, 11), 1, 850, 329]
[(2022, 3, 12), 1, 913, 5]
[(2022, 3, 13), 4, 950, 635]
[(2022, 3, 14), 3, 432, 445]
[(2022, 3, 15), 1, 736, 806]
[(2022, 3, 16), 3, 118, 1]
[(2022, 3, 17), 4, 465, 475]
[(2022, 3, 18), 4, 240, 45]
[(2022, 3, 19), 4, 514, 298]
[(2022, 3, 20), 4, 483, 882]
[(2022, 3, 21), 4, 402, 889]
[(2022, 3, 22), 2, 988, 263]
[(2022, 3, 23), 3, 44, 98]
[(2022, 3, 24), 4, 772, 487]
[(2022, 3, 25), 2, 275, 929]
[(2022, 3, 26), 2, 280, 514]
[(2022, 3, 27), 4, 775, 1000]
[(2022, 3, 28), 2, 646, 386]
[(2022, 3, 29), 2, 820, 370]
[(2022, 3, 30), 2, 748, 383]
[(2022, 3, 31), 3, 157, 432]